bla bla bla bla
asfdsaf
ds
 bla bla bla bla bla bla bla
 bla
jugf3nf8u43hg
jnjdsngfds
ala, aun mas
blablaaa
dsngfren
trucutru
31377
24313
12175
4184
2242
650
14473
23090
15020
12502
15450
29309
10174
13510
15693
5450
26599
4868
14282
23446
23226
27512
7849
31676
32714
23105
28207
20845
29419
16059
454
11814
21011
3363
1703
26071
11597
15836
29413
21654
31848
9206
5239
6997
2856
3926
2618
5023
15763
9055
14221
15642
10071
25526
30722
31009
5829
3118
16250
5881
20629
22615
22723
18011
11734
21877
5356
21718
22515
17894
3333
20892
5492
3961
22549
799
5979
25540
15752
10300
32584
20588
2649
29759
658
